214328887 34428380
17116707 28465635
380580781 18996905
221036078 153460275
107830991 17868918
151338729 222261763
19705747 34428380
222261763 88323281
19933035 149538028
158419434 17434613
149538028 153226312
364971269 153226312
100581193 279787626
113058991 69592091
151338729 187773078
406628822 262802533
460282402 88323281
280935165 437804658
222261763 27633075
285312927 151338729
279787626 131613362
158419434 17675120
394263193 100581193
254839786 88323281
204317520 21548772
67864340 172883064
270449528 297801196
153226312 187773078
67864340 8088112
153226312 17116707
394263193 14925700
124528830 307458983
204317520 160237722
220368467 54228724
206923844 103598216
153226312 380580781
207594668 21146135
451250774 314316607
6581292 314316607
34428380 31331740
196327549 225444667
274153775 35415466
222261763 31331740
279787626 72818790
6581292 151338729
324201646 40981798
153226312 430268163
88097807 153226312
276308596 69592091
100581193 358775055
151338729 15023872
16870853 70492333
100581193 280935165
151338729 107830991
279787626 206923844
314316607 430313102
299715516 35359596
314316607 6581292
276577539 248883350
151338729 67864340
158419434 157829215
107511013 22462180
258140947 200559228
258140947 19493072
123371682 394263193
461410856 31414569
67864340 37699718
67864340 124528830
117901353 117674417
17116707 231238695
56860418 204317520
43003845 314316607
413275344 259842341
358775055 400689940
307458983 274153775
222261763 307458983
69592091 26929220
35148062 43003845
43003845 103598216
299715516 166214735
57490887 40981798
37699718 200559228
148519842 15150609
461410856 17759158
225444667 83943787
283306479 125120339
220068522 35148062
153226312 21548772
155661154 113058991
400689940 17868918
151338729 83943787
72818790 31331740
88097807 248883350
279787626 200559228
276308596 225444667
195475105 380580781
157829215 100581193
134940306 160237722
221036078 22462180
31414569 17434613
134940306 26929220
131613362 276577539
115221382 117674417
195475105 280935165
200559228 368018677
276577539 437804658
439788025 259842341
262340283 116498875
257236842 134940306
220068522 128721580
314316607 131613362
461410856 31331740
463952369 17759158
196327549 8088112
254610699 247741328
226629405 394263193
307458983 364971269
529007327 94621855
70492333 83417972
67864340 380580781
100581193 187773078
166214735 15150609
117901353 116498875
236184723 21548772
31414569 187773078
204317520 197504076
134940306 83943787
86221475 117674417
226629405 166214735
196327549 206923844
6581292 40981798
283306479 31331740
116498875 22462180
56860418 158419434
153226312 280935165
358775055 117674417
274153775 72818790
206923844 31331740
222411742 31331740
17675120 155661154
279787626 155661154
204317520 157829215
31414569 413275344
250178329 103598216
358775055 307458983
285312927 69592091
103598216 270449528
72818790 123371682
172883064 236184723
292598082 22462180
214328887 56860418
113058991 70492333
145845459 67864340
153226312 29911100
145845459 153226312
294752666 27077521
163238842 43003845
529007327 257236842
463952369 259842341
29911100 19493072
16870853 18996905
358775055 133055665
37699718 69592091
279787626 222411742
226629405 238201669
197504076 133055665
72818790 17116707
439788025 134940306
200559228 116498875
248883350 231238695
260769396 22462180
451250774 157829215
225444667 8088112
314316607 187773078
158419434 94621855
288485704 17759158
229425177 17868918
279787626 276308596
100581193 297801196
195475105 292598082
280935165 307458983
196327549 17116707
107830991 40981798
252770012 437804658
26929220 27633075
259842341 149538028
158419434 121533789
236184723 17116707
204317520 203338499
259842341 252770012
262802533 117674417
274153775 151338729
197504076 151338729
213777144 22462180
46209291 46831674
314316607 121533789
226629405 18951737
239144776 22462180
220068522 133055665
134940306 103598216
43003845 222261763
172883064 151338729
280935165 220368467
280935165 133055665
8163442 28019653
254839786 447688115
226629405 40981798
88097807 70492333
307458983 86221475
463952369 214328887
16503181 40981798
406628822 43003845
109740608 116036694
222261763 29911100
179138862 27633075
236184723 28465635
274153775 56860418
276706356 46209291
100581193 248883350
100581193 151338729
134940306 279787626
236143101 394263193
214328887 157829215
220068522 121533789
17116707 121533789
314316607 439788025
124528830 100581193
100581193 19493072
220368467 31331740
124528830 69592091
463952369 172883064
221036078 196327549
40981798 280935165
463952369 8088112
394263193 333161611
204317520 17759158
279787626 254839786
26929220 307458983
100581193 236184723
166214735 276706356
262340283 22462180
19358562 463952369
226165839 33612973
37270037 133055665
49104918 35359596
437804658 31331740
358775055 220368467
31414569 226629405
83032174 55033682
170460311 133055665
461410856 19493072
124528830 274153775
88097807 152388029
125120339 83943787
204317520 239144776
26929220 133055665
125120339 112939321
265077741 83943787
276308596 26929220
259842341 261447035
439788025 117674417
204317520 276308596
461410856 206923844
222261763 34428380
200559228 117674417
463952369 206923844
258140947 203338499
258140947 254839786
461410856 103598216
276308596 107830991
107511013 196327549
463952369 358775055
258140947 83417972
259842341 19493072
270449528 254839786
236184723 274153775
125120339 19493072
254839786 31331740
463952369 231238695
299715516 120599128
8163442 226629405
19358562 274153775
69592091 123371682
172883064 463952369
100581193 113058991
134940306 19358562
148519842 195475105
67864340 107830991
186212304 57828817
451250774 250340951
250178329 153460275
49104918 461410856
406628822 225444667
196327549 15023872
380580781 400689940
172883064 103598216
29911100 276308596
406628822 133055665
59588845 88323281
153226312 37699718
203338499 2367911
74107696 116036694
463952369 69592091
221036078 117674417
6581292 133055665
238201669 364971269
100581193 17868918
259842341 430313102
279787626 27077521
203338499 187773078
19358562 103598216
151338729 100581193
477094958 247741328
172883064 28465635
247741328 158419434
203338499 116498875
83417972 34428380
314316607 461410856
163238842 116498875
233248636 28465635
294752666 307458983
86799233 19705747
158419434 56860418
265077741 221036078
100581193 88323281
35359596 2367911
56860418 28465635
214328887 158419434
131613362 133055665
172883064 100581193
17627996 14925700
451250774 107830991
30971165 35148062
157829215 26929220
109740608 6581292
46209291 133055665
257236842 19493072
148519842 86799233
463952369 195475105
57490887 236184723
413275344 195475105
204317520 34428380
477094958 271602109
200559228 294752666
81446304 18996905
124528830 282206645
258140947 333161611
236184723 280935165
529007327 238201669
257236842 37699718
186212304 31317273
74107696 206923844
187773078 314316607
451250774 40981798
265077741 22462180
113058991 134940306
149538028 447688115
214328887 14925700
276308596 31331740
270449528 172883064
364971269 314316607
406628822 56860418
88097807 206923844
2367911 314316607
447688115 451250774
113058991 30971165
274153775 157829215
72818790 69592091
283306479 314316607
280935165 204140367
262802533 254839786
29911100 34428380
69592091 204140367
270449528 17868918
74107696 358775055
155661154 55033682
152388029 276706356
447688115 153226312
195475105 27633075
15150609 14925700
113058991 31331740
258140947 151338729
46209291 189875309
83943787 19493072
134940306 17759158
116036694 88323281
358775055 276577539
33612973 21146135
30971165 8088112
26929220 437804658
86221475 270449528
221036078 29911100
31414569 37270037
254610699 170167167
314316607 149538028
200559228 155661154
163238842 125120339
152388029 158419434
40981798 31331740
236143101 460282402
280935165 22462180
72818790 358775055
74107696 160237722
285312927 107830991
279787626 117901353
282206645 236184723
56860418 21548772
46209291 69592091
45333725 34428380
380580781 31331740
265077741 204317520
252770012 236184723
57490887 124528830
17116707 86221475
314316607 43003845
149538028 69592091
2367911 33612973
430268163 46209291
221036078 222411742
153226312 229425177
288485704 8163442
307458983 18996905
37699718 461410856
204317520 461410856
204140367 259842341
222411742 221036078
27633075 69592091
15150609 222090651
333161611 26929220
19493072 222261763
88323281 239144776
35359596 46831674
270449528 8088112
74107696 157829215
17116707 8088112
252770012 254839786
31414569 34428380
116036694 406628822
49104918 93224416
72818790 172883064
88097807 163238842
406628822 447688115
358775055 222411742
40981798 18951737
107830991 100581193
153226312 152388029
94621855 355823615
200559228 153226312
437804658 451250774
274153775 254839786
158419434 17868918
394263193 74107696
280935165 254839786
107830991 461410856
265077741 40981798
195475105 43003845
123371682 31331740
116498875 26929220
276308596 430313102
29911100 279787626
463952369 258140947
27633075 8088112
314316607 307458983
94621855 27633075
46209291 203338499
222261763 40981798
231238695 72818790
236184723 204317520
83417972 40981798
157829215 18951737
206923844 261447035
116036694 67864340
6581292 43003845
231238695 86221475
124528830 107830991
430313102 17868918
250340951 259842341
248883350 112939321
309782398 40981798
254839786 116036694
220068522 460282402
103598216 451250774
236143101 189875309
19493072 115221382
93224416 253091523
149538028 72818790
380580781 19358562
160237722 430268163
220068522 26929220
46209291 170460311
204317520 8088112
187773078 133055665
19933035 121533789
349413327 22462180
19933035 117674417
307458983 222261763
113058991 8088112
430313102 31331740
69592091 195475105
107830991 274153775
88097807 172883064
88323281 333161611
375317198 43003845
124528830 187773078
158419434 460282402
358775055 214328887
153226312 197504076
107511013 151338729
451250774 274153775
225444667 27633075
17116707 358775055
172883064 54228724
260769396 34428380
57490887 22462180
2367911 69592091
279787626 43003845
6581292 170460311
463952369 400689940
220368467 83943787
279787626 248883350
196327549 259842341
236143101 116498875
31246395 88323281
19933035 270449528
406628822 222261763
72818790 107830991
134940306 270449528
380580781 204317520
258140947 14925700
400689940 204317520
270449528 195475105
200884513 294752666
283306479 17868918
153226312 34428380
274153775 172883064
276577539 56860418
117901353 17868918
312284236 40981798
166214735 28465635
451250774 22462180
451250774 292598082
279787626 307458983
375317198 248883350
197504076 222411742
276308596 21548772
152388029 157829215
406628822 40981798
406628822 314316607
197504076 149538028
103598216 153226312
86221475 206923844
280935165 157829215
413275344 31331740
28465635 30971165
107830991 221036078
172883064 204317520
59588845 31414569
195475105 17675120
236143101 206923844
204317520 248883350
149538028 358775055
214328887 380580781
276308596 116036694
186212304 70492333
254839786 8088112
262802533 131613362
148519842 186212304
40981798 8088112
131613362 254839786
151338729 204317520
200559228 34428380
200559228 124528830
57490887 34428380
22462180 8088112
88097807 166214735
307458983 270449528
297801196 124528830
299715516 260705759
160237722 19358562
69592091 258140947
170167167 254610699
279787626 121533789
254839786 121533789
187773078 220368467
375317198 18996905
200559228 116036694
43640117 413275344
430313102 18996905
358775055 157829215
220368467 27077521
280935165 83943787
283306479 307458983
107830991 394263193
430268163 276308596
364971269 239144776
257236842 461410856
158419434 258140947
189875309 197504076
72818790 133055665
172883064 40981798
83417972 109740608
37270037 57828817
157829215 19493072
200559228 15023872
451250774 225444667
257236842 6581292
116498875 117901353
439788025 276308596
254839786 274153775
358775055 19705747
31331740 17759158
195475105 187773078
31414569 27077521
151338729 40981798
257236842 270449528
222261763 406628822
148519842 54228724
26929220 222411742
16870853 43003845
236184723 17868918
195475105 148519842
123371682 18951737
69592091 46209291
430313102 380580781
117901353 83943787
259842341 292598082
276706356 160237722
358775055 83943787
116036694 314316607
196327549 29911100
394263193 133055665
276308596 276577539
29911100 28465635
204140367 307458983
54228724 33612973
151338729 56860418
529007327 439788025
276577539 430268163
248883350 17868918
236026868 28465635
155661154 88323281
276308596 187773078
153226312 123371682
151338729 261447035
160237722 133055665
279787626 333161611
248883350 463952369
134940306 88323281
197504076 34428380
186212304 258140947
67864340 72818790
270449528 46209291
153460275 43003845
451250774 461410856
258140947 88323281
280935165 187773078
56860418 221036078
270449528 17759158
31414569 2367911
375317198 151338729
239144776 204317520
8163442 27077521
74107696 280935165
260769396 28465635
204317520 121533789
276577539 121533789
314316607 276706356
276706356 152388029
265077741 28465635
394263193 153460275
394263193 222261763
461410856 22462180
189875309 46209291
26929220 22462180
238201669 34428380
225444667 248883350
203338499 88323281
259842341 6581292
26929220 197504076
375317198 145845459
461410856 54228724
166214735 26929220
70492333 28465635
250178329 124528830
196327549 254839786
133055665 170460311
149538028 83943787
358775055 46209291
358775055 123371682
283306479 258140947
17116707 292598082
125120339 238201669
254839786 252770012
252770012 250178329
294752666 276706356
220368467 461410856
529007327 8163442
8163442 2367911
195475105 225444667
31414569 94621855
158419434 133055665
206923844 35415466
229425177 157829215
56860418 2367911
31317273 95260836
207594668 120599128
28465635 297801196
288485704 17434613
107830991 160237722
253091523 222090651
279787626 67864340
123371682 437804658
307458983 27633075
107830991 204140367
292598082 307458983
59588845 19493072
307458983 158419434
163238842 34428380
204317520 100581193
100581193 69592091
394263193 196327549
187773078 103598216
172883064 27077521
49104918 40981798
248883350 151338729
107830991 69592091
406628822 285312927
250340951 34428380
69592091 31331740
35415466 8088112
19358562 461410856
189875309 148519842
153226312 74107696
63941463 43003845
204317520 358775055
203338499 333161611
109740608 43003845
34428380 21548772
288485704 195475105
49104918 95260836
187773078 153226312
29911100 153226312
406628822 187773078
112939321 214328887
134940306 282206645
247741328 186212304
220368467 19358562
83155222 2367911
149538028 158419434
265077741 21548772
112939321 125120339
274153775 197504076
18996905 15023872
187773078 40981798
56860418 204140367
307458983 259842341
262802533 8088112
17759158 22462180
27633075 121533789
222261763 46209291
197504076 172883064
131613362 31331740
28465635 259842341
69592091 406628822
34428380 17759158
8163442 17434613
222261763 430268163
214328887 155661154
276308596 149538028
172883064 157829215
307458983 166214735
294752666 17868918
225444667 40981798
406628822 83943787
17675120 200559228
285312927 8088112
153226312 151338729
299715516 21146135
17116707 157829215
19358562 34428380
451493376 73738774
463952369 355823615
225444667 153226312
26929220 18951737
461410856 437804658
186212304 100052945
17434613 22462180
28465635 123371682
69592091 254839786
276308596 19933035
2367911 18996905
59588845 27633075
204140367 124528830
203338499 125120339
145845459 103598216
250340951 231238695
239144776 27633075
74107696 8088112
103598216 19493072
247741328 21272026
437804658 123371682
288485704 276706356
31414569 21548772
358775055 195475105
125120339 31331740
33806113 54228724
349413327 276706356
222090651 15150609
113058991 37270037
31414569 43003845
134940306 70492333
26929220 131613362
430313102 131613362
69592091 259842341
93224416 35148062
250340951 19358562
107830991 250340951
221036078 72818790
204140367 69592091
314316607 56860418
158419434 430268163
69592091 430313102
195475105 124528830
196327549 107830991
461410856 116498875
153226312 166214735
57490887 307458983
276706356 400689940
27633075 83943787
451250774 14925700
270449528 158419434
349413327 34428380
152388029 22462180
406628822 153460275
259842341 157829215
43003845 15023872
56860418 231238695
74107696 123371682
451250774 158419434
280935165 195475105
88097807 274153775
307458983 258140947
56860418 121533789
307458983 17434613
254610699 299715516
72818790 204317520
254839786 229425177
83943787 160237722
222261763 394263193
26929220 17868918
151338729 406628822
72818790 15023872
439788025 463952369
288485704 394263193
134940306 94621855
252770012 439788025
153226312 17868918
70492333 22462180
254839786 123371682
149538028 307458983
63941463 34428380
236143101 259842341
134940306 8088112
28465635 19705747
35415466 134940306
179138862 31331740
117901353 233248636
200559228 133055665
529007327 17434613
226629405 355823615
196327549 133055665
226629405 88323281
151338729 27633075
394263193 254839786
74107696 43003845
196327549 2367911
124528830 285312927
19493072 151338729
83943787 274153775
204317520 252770012
355823615 43003845
270449528 220368467
28465635 43003845
274153775 131613362
430268163 231238695
276308596 117674417
461410856 257236842
72818790 40981798
250340951 18996905
15150609 40981798
86221475 15023872
221036078 259842341
394263193 69592091
294752666 34428380
49104918 22462180
257236842 157829215
17116707 252770012
270449528 83943787
229425177 86221475
28465635 22462180
437804658 34428380
239144776 28465635
195475105 157829215
16870853 9695312
355823615 22462180
394263193 34428380
250340951 430313102
131613362 461410856
460282402 258140947
451250774 18951737
124528830 279787626
166214735 112939321
103598216 314316607
195475105 430268163
46209291 116036694
204140367 200559228
204317520 307458983
158419434 40981798
100581193 250340951
400689940 100581193
258140947 172883064
213777144 17759158
72818790 160237722
214328887 123371682
285312927 26929220
220368467 297801196
248883350 229425177
149538028 40981798
8163442 46831674
297801196 254839786
123371682 451250774
231238695 67864340
17675120 30971165
149538028 160237722
158419434 95260836
86221475 265077741
257236842 18951737
153226312 437804658
292598082 276577539
94621855 226629405
248883350 236184723
160237722 270449528
57490887 231238695
19493072 17627996
160237722 153226312
195475105 19493072
134940306 375317198
400689940 270449528
186212304 226165839
248883350 19493072
254839786 314316607
292598082 274153775
276706356 133055665
19933035 204317520
17116707 40981798
430268163 117674417
220368467 151338729
16503181 15150609
187773078 124528830
283306479 83943787
272173354 247741328
358775055 447688115
94621855 307458983
148519842 461410856
149538028 195475105
59588845 83032174
72818790 83943787
297801196 314316607
172883064 19933035
100581193 257236842
214328887 86221475
220368467 233248636
67864340 88323281
282206645 22462180
221036078 270449528
57490887 276706356
406628822 27633075
19358562 100581193
247741328 54228724
375317198 22462180
153226312 231238695
276706356 222261763
28465635 226165839
220068522 88097807
355823615 461410856
124528830 134940306
236184723 100581193
204317520 103598216
195475105 206923844
250340951 17116707
258140947 430268163
133055665 261447035
447688115 270449528
282206645 134940306
247741328 41472982
314316607 15023872
213777144 257236842
83943787 22462180
2367911 16870853
153226312 406628822
172883064 375317198
28465635 439788025
148519842 220368467
463952369 151338729
400689940 380580781
149538028 67864340
229425177 297801196
375317198 204140367
27633075 261447035
117901353 133055665
231238695 40981798
220368467 112939321
116036694 153226312
69592091 121533789
355823615 288485704
276577539 157829215
196327549 19358562
17116707 19358562
187773078 31331740
59588845 43003845
400689940 43003845
204317520 380580781
279787626 19358562
285312927 31331740
152388029 355823615
260769396 116036694
34428380 17868918
358775055 206923844
280935165 88323281
283306479 257236842
236184723 196327549
451250774 8088112
380580781 187773078
19358562 56860418
59588845 70492333
288485704 28465635
160237722 314316607
451250774 83943787
88323281 358775055
204317520 27633075
17116707 222261763
88323281 34428380
28465635 107830991
461410856 19358562
100581193 463952369
153226312 206923844
197504076 18996905
203338499 95260836
116036694 8088112
187773078 307458983
157829215 19358562
160237722 18996905
153226312 72818790
116036694 59588845
100581193 447688115
206923844 170460311
261447035 133055665
430313102 123371682
19358562 151338729
200559228 222261763
279787626 195475105
461410856 45333725
238201669 166214735
287915525 260705759
213777144 43003845
124528830 158419434
270449528 248883350
160237722 37699718
236026868 163238842
247741328 276706356
105259389 477094958
40981798 37699718
158419434 430313102
86221475 214328887
203338499 34428380
394263193 19493072
94621855 158419434
314316607 229425177
248883350 57490887
276706356 37699718
288485704 283306479
31457243 2367911
59588845 116036694
172883064 197504076
460282402 22462180
43003845 116036694
276308596 19705747
463952369 19493072
222090651 57828817
358775055 124528830
103598216 149538028
8088112 40981798
100581193 276308596
133055665 27633075
197504076 270449528
276577539 221036078
107511013 28465635
35415466 22462180
83032174 34428380
236143101 258140947
248883350 280935165
297801196 117674417
260705759 186212304
16503181 17434613
206923844 221036078
294752666 43003845
17116707 57490887
204140367 21548772
294752666 2367911
439788025 236143101
276706356 172883064
153226312 67864340
283306479 394263193
83943787 116036694
172883064 238201669
56860418 430268163
258140947 186212304
238201669 270449528
21146135 33612973
253091523 15150609
439788025 172883064
406628822 204317520
406628822 430313102
28465635 225444667
430268163 19358562
149538028 225444667
74107696 56860418
358775055 258140947
274153775 276706356
124528830 149538028
157829215 187773078
83943787 34428380
265077741 214328887
88097807 204317520
276577539 358775055
294752666 15023872
276308596 265077741
30971165 113058991
250178329 83943787
19933035 88323281
265077741 254839786
17434613 28019653
229425177 117674417
451250774 195475105
220368467 121533789
100581193 222261763
134940306 123371682
276308596 18951737
124528830 121533789
236184723 260769396
247741328 21146135
259842341 31331740
288485704 314316607
314316607 262802533
222411742 43003845
187773078 270449528
406628822 124528830
451250774 149538028
276308596 40981798
236184723 204140367
172883064 95260836
113058991 116036694
262340283 394263193
279787626 17675120
88323281 220368467
257236842 116498875
19358562 204140367
307458983 17675120
203338499 113058991
158419434 88323281
461410856 259842341
222411742 131613362
69592091 2367911
26929220 358775055
236143101 17675120
364971269 226629405
358775055 158419434
204140367 451250774
233248636 307458983
31414569 54228724
307458983 204140367
259842341 225444667
274153775 238201669
56860418 17759158
254839786 257236842
113058991 125120339
123371682 430268163
134940306 67864340
72818790 21548772
186212304 83155222
294752666 355823615
248883350 292598082
195475105 2367911
57490887 280935165
394263193 231238695
31414569 22462180
21272026 15150609
447688115 158419434
117901353 8163442
73738774 226629405
166214735 103598216
145845459 196327549
274153775 28465635
2367911 17627996
252770012 43003845
430268163 17759158
430268163 29911100
134940306 17116707
160237722 17759158
134940306 394263193
276706356 254839786
19933035 28465635
206923844 276706356
74107696 18996905
153226312 213777144
314316607 107830991
153226312 270449528
285312927 18996905
400689940 88323281
358775055 19358562
280935165 158419434
149538028 204317520
529007327 27633075
19493072 152388029
364971269 34428380
236026868 18996905
83155222 186212304
437804658 463952369
74107696 134940306
17116707 248883350
195475105 123371682
26929220 69592091
288485704 115221382
112939321 100581193
254839786 380580781
276706356 34428380
270449528 447688115
257236842 123371682
239144776 40981798
134940306 74107696
160237722 31331740
197504076 40981798
250340951 112939321
15023872 55033682
35415466 276308596
40981798 200559228
124528830 258140947
375317198 131613362
74107696 380580781
250178329 116036694
125120339 116498875
195475105 149538028
113058991 195475105
413275344 34428380
37699718 37270037
463952369 222261763
46209291 117674417
451250774 430268163
280935165 19358562
213777144 88323281
297801196 17116707
258140947 31331740
124528830 437804658
74107696 155661154
253091523 83155222
70492333 69592091
220368467 67864340
63941463 19493072
149538028 18996905
158419434 14925700
112939321 30971165
149538028 270449528
151338729 158419434
197504076 69592091
307458983 214328887
460282402 439788025
69592091 297801196
172883064 67864340
166214735 55033682
236184723 17759158
157829215 116498875
109740608 46209291
460282402 40981798
187773078 46209291
152388029 40981798
172883064 46831674
203338499 19493072
83417972 43640117
163238842 158419434
254839786 206923844
279787626 70492333
259842341 69592091
37270037 34428380
254839786 37699718
226629405 17675120
220368467 152388029
103598216 145845459
22462180 133055665
116036694 37699718
220368467 2367911
259842341 28465635
196327549 69592091
41472982 102765423
437804658 358775055
349413327 257236842
233248636 158419434
134940306 121533789
153226312 439788025
231238695 153460275
57490887 8088112
109740608 28465635
19933035 8088112
451250774 463952369
204317520 274153775
123371682 121533789
157829215 112939321
103598216 26929220
113058991 18996905
158419434 149538028
124528830 236184723
252770012 214328887
358775055 451250774
157829215 17116707
200559228 233248636
31246395 6581292
463952369 451250774
26929220 222261763
222261763 18951737
307458983 121533789
358775055 153460275
35415466 254839786
187773078 204317520
259842341 463952369
31414569 247741328
394263193 451250774
439788025 103598216
134940306 133055665
294752666 31414569
19358562 380580781
239144776 151338729
195475105 27077521
254839786 214328887
279787626 214328887
29911100 375317198
28465635 72818790
333161611 294752666
46209291 195475105
274153775 103598216
358775055 265077741
222261763 447688115
160237722 6581292
257236842 151338729
113058991 163238842
179138862 238201669
151338729 265077741
149538028 43003845
107830991 204317520
67864340 117674417
461410856 463952369
276577539 292598082
463952369 22462180
117674417 27633075
26929220 14925700
123371682 43003845
203338499 133055665
35359596 8163442
236184723 292598082
86221475 40981798
19493072 158419434
254839786 204317520
179138862 18996905
45333725 22462180
35415466 19493072
380580781 214328887
276308596 34428380
413275344 31414569
206923844 273149543
250340951 123371682
125120339 197504076
131613362 19358562
314316607 153226312
151338729 314316607
220068522 83943787
270449528 231238695
226629405 460282402
226629405 276706356
257236842 204140367
294752666 19358562
26929220 430268163
112939321 152388029
203338499 238201669
17434613 40981798
400689940 195475105
28465635 19493072
116036694 261447035
88097807 28465635
226629405 18996905
225444667 133055665
307458983 157829215
43640117 31414569
149538028 46209291
116036694 285312927
265077741 133055665
74107696 40981798
204317520 124528830
94621855 22462180
57490887 83417972
222090651 2367911
314316607 83943787
254839786 297801196
2367911 158419434
43640117 19493072
37270037 56860418
451250774 285312927
257236842 259842341
83417972 28465635
259842341 151338729
100581193 406628822
299715516 31317273
103598216 274153775
26929220 220368467
83943787 27633075
258140947 158419434
123371682 231238695
100581193 157829215
253091523 57828817
117674417 34428380
439788025 19358562
358775055 529007327
236026868 197504076
461410856 34428380
26929220 37699718
18951737 22462180
37270037 31414569
276308596 124528830
297801196 220368467
197504076 125120339
229425177 8088112
57490887 206923844
236184723 145845459
83032174 121533789
17868918 31331740
116036694 86221475
276308596 145845459
157829215 358775055
57490887 270449528
236143101 461410856
17116707 112939321
375317198 254839786
151338729 214328887
229425177 40981798
37270037 8088112
113058991 15150609
220368467 123371682
74107696 314316607
214328887 74107696
439788025 437804658
274153775 314316607
236184723 26929220
145845459 262802533
394263193 375317198
88097807 115221382
279787626 88323281
252770012 17116707
124528830 83417972
37270037 19493072
57490887 297801196
288485704 27633075
153226312 258140947
461410856 274153775
17675120 349413327
43003845 69592091
248883350 26929220
254839786 200559228
236143101 238201669
279787626 124528830
41472982 35359596
276706356 239144776
197504076 166214735
254839786 307458983
220068522 17868918
430268163 19493072
262802533 69592091
394263193 226165839
203338499 189875309
155661154 19493072
274153775 19493072
179138862 88323281
70492333 117674417
163238842 113058991
406628822 46209291
35415466 72818790
222411742 35415466
31414569 29911100
258140947 56860418
83032174 43003845
439788025 19493072
153460275 19493072
8088112 133055665
250340951 124528830
134940306 145845459
83417972 17434613
100581193 29911100
447688115 145845459
35415466 26929220
151338729 206923844
113058991 117674417
285312927 248883350
195475105 248883350
107830991 67864340
400689940 46209291
40981798 196327549
155661154 125120339
88097807 236184723
153226312 18951737
29911100 40981798
88323281 324201646
19493072 29911100
172883064 26929220
204140367 46209291
155661154 394263193
276706356 307458983
54228724 55033682
134940306 53222305
160237722 83943787
74107696 430313102
231238695 34428380
145845459 28465635
29911100 22462180
123371682 430313102
153460275 22462180
131613362 72818790
109740608 220068522
200559228 43003845
29911100 236026868
413275344 133055665
73738774 2367911
67864340 17116707
158419434 187773078
285312927 83943787
225444667 19493072
406628822 220368467
282206645 248883350
248883350 134940306
233248636 248883350
112939321 17434613
461410856 124528830
186212304 105259389
117901353 15150609
236143101 187773078
45333725 461410856
236026868 56860418
270449528 225444667
276308596 200559228
270449528 72818790
461410856 358775055
46831674 461410856
231238695 19705747
314316607 18951737
15150609 8163442
226629405 14925700
67864340 17759158
274153775 394263193
186212304 40981798
57490887 292598082
43003845 56860418
204317520 83417972
37699718 314316607
270449528 451250774
247741328 222090651
100581193 131613362
258140947 152388029
113058991 83417972
124528830 394263193
100581193 57490887
254839786 157829215
195475105 83417972
236184723 358775055
250178329 117674417
451250774 250178329
447688115 131613362
203338499 26929220
131613362 225444667
157829215 29911100
196327549 297801196
463952369 70492333
206923844 430268163
26929220 276706356
17675120 189875309
103598216 28465635
203338499 69592091
113058991 83943787
28465635 34428380
27077521 439788025
172883064 116036694
292598082 261447035
117901353 88323281
19493072 18996905
124528830 172883064
204140367 19493072
307458983 262340283
153226312 463952369
276308596 248883350
258140947 28465635
233248636 27077521
125120339 149538028
103598216 204140367
451250774 88323281
447688115 134940306
196327549 19493072
163238842 257236842
112939321 279787626
276308596 83943787
124528830 103598216
220368467 56860418
236184723 8088112
74107696 69592091
358775055 279787626
220368467 117674417
40981798 131613362
461410856 226629405
259842341 116036694
213777144 187773078
37699718 40981798
21548772 40981798
103598216 151338729
19493072 380580781
88323281 236143101
258140947 116036694
83943787 276577539
463952369 57490887
274153775 88323281
72818790 121533789
447688115 204140367
447688115 100581193
93224416 15150609
451250774 19358562
195475105 283306479
226629405 121533789
31414569 299715516
221036078 276577539
437804658 8088112
170460311 117674417
31414569 28465635
26929220 265077741
294752666 54228724
107830991 153226312
103598216 56860418
279787626 170460311
236143101 157829215
220068522 299715516
430268163 280935165
358775055 27633075
358775055 463952369
26929220 121533789
288485704 34428380
400689940 19705747
231238695 2367911
86221475 26929220
312284236 34428380
102765423 70492333
121533789 43003845
67864340 297801196
43003845 131613362
314316607 31331740
153460275 34428380
28019653 15150609
151338729 21548772
276706356 22462180
270449528 67864340
31414569 57828817
123371682 116036694
285312927 131613362
172883064 117901353
204140367 285312927
124528830 430313102
394263193 460282402
46831674 46209291
31414569 31246395
172883064 27633075
73738774 451493376
226629405 2367911
276577539 285312927
252770012 22462180
59588845 133055665
262340283 46209291
124528830 276577539
280935165 117674417
107830991 297801196
394263193 297801196
274153775 307458983
117901353 151338729
157829215 259842341
27077521 257236842
200559228 40981798
57828817 83155222
19358562 225444667
46209291 17868918
254839786 83943787
57490887 153226312
195475105 214328887
149538028 112939321
276308596 35415466
34428380 40981798
88323281 259842341
225444667 56860418
279787626 274153775
254839786 86221475
19493072 116498875
17116707 197504076
254610699 186212304
461410856 160237722
88323281 8163442
204140367 19358562
107830991 19493072
222261763 112939321
17434613 15150609
2367911 186212304
461410856 355823615
250178329 270449528
451250774 270449528
258140947 22462180
172883064 88097807
247741328 477094958
83155222 21146135
282206645 204140367
153226312 274153775
270449528 406628822
116498875 149538028
149538028 19933035
74107696 204317520
461410856 187773078
187773078 83943787
125120339 55033682
307458983 22462180
314316607 447688115
358775055 151338729
74107696 26929220
299715516 105259389
115221382 18996905
27633075 18996905
151338729 19358562
297801196 18996905
477094958 8163442
70492333 148519842
94621855 394263193
358775055 69592091
222411742 26929220
196327549 18951737
231238695 17759158
233248636 43003845
49104918 187773078
430313102 19358562
461410856 121533789
276706356 17868918
26929220 35415466
31414569 31331740
259842341 297801196
157829215 31331740
259842341 123371682
17759158 170460311
166214735 172883064
314316607 18996905
153226312 214328887
297801196 103598216
213777144 15150609
19493072 16870853
250178329 252770012
117901353 70492333
107830991 294752666
358775055 276706356
157829215 149538028
394263193 236143101
214328887 19493072
43003845 14925700
229425177 149538028
30971165 69592091
447688115 40981798
17434613 16503181
145845459 204317520
276308596 394263193
152388029 27633075
21548772 43003845
451250774 2367911
86221475 107830991
220068522 18996905
17868918 8088112
19358562 307458983
145845459 214328887
124528830 451250774
252770012 222261763
463952369 307458983
274153775 17868918
254839786 276577539
196327549 86221475
203338499 197504076
250178329 34428380
83943787 187773078
124528830 157829215
254839786 17868918
54228724 17434613
145845459 56860418
19493072 314316607
222261763 133055665
57490887 204140367
19705747 31331740
460282402 43003845
280935165 40981798
288485704 22462180
197504076 88323281
394263193 239144776
349413327 187773078
258140947 163238842
225444667 196327549
109740608 151338729
430313102 37699718
33806113 27077521
274153775 214328887
86221475 18951737
19493072 22462180
297801196 280935165
74107696 34428380
233248636 226629405
8163442 95260836
163238842 236026868
463952369 31331740
314316607 206923844
88323281 460282402
43003845 86221475
364971269 307458983
112939321 248883350
447688115 222261763
153226312 225444667
270449528 6581292
463952369 204317520
149538028 276308596
314316607 103598216
226629405 83417972
43003845 157829215
35415466 380580781
123371682 18996905
83417972 88097807
103598216 447688115
203338499 112939321
187773078 451250774
254839786 103598216
100581193 2367911
400689940 406628822
220068522 88323281
113058991 152388029
439788025 261447035
226629405 8088112
229425177 276577539
28465635 31331740
238201669 197504076
312284236 28465635
276308596 100581193
222261763 22462180
394263193 283306479
439788025 204140367
83417972 270449528
260769396 8088112
125120339 196327549
204317520 69592091
220368467 22462180
358775055 17116707
151338729 17759158
28465635 35359596
274153775 8088112
276308596 133055665
463952369 160237722
213777144 186212304
145845459 297801196
103598216 214328887
107830991 8088112
236143101 94621855
233248636 34428380
406628822 19493072
460282402 394263193
400689940 307458983
394263193 17116707
157829215 204140367
294752666 53222305
115221382 27633075
206923844 157829215
279787626 152388029
19358562 158419434
204140367 27633075
307458983 187773078
113058991 172883064
153226312 69592091
83943787 204317520
112939321 250340951
463952369 83943787
186212304 260705759
94621855 276706356
204140367 437804658
88097807 151338729
236184723 276577539
72818790 19358562
125120339 259842341
253091523 287915525
115221382 88323281
86221475 151338729
364971269 166214735
28465635 117674417
46209291 31331740
274153775 37699718
297801196 86221475
274153775 83943787
380580781 22462180
254839786 270449528
229425177 27077521
222090651 186212304
125120339 358775055
220068522 94621855
254839786 430313102
206923844 17759158
134940306 439788025
123371682 280935165
439788025 83943787
200559228 16503181
21146135 247741328
112939321 27633075
158419434 86221475
220068522 163238842
287915525 451493376
413275344 262340283
236184723 31331740
233248636 314316607
463952369 187773078
400689940 121533789
262802533 204140367
260769396 18996905
103598216 206923844
364971269 238201669
439788025 220368467
375317198 265077741
172883064 153226312
285312927 117674417
204140367 248883350
57490887 19358562
214328887 8088112
157829215 2367911
35415466 274153775
197504076 153226312
53222305 19705747
214328887 221036078
29911100 116036694
203338499 83943787
27633075 31331740
155661154 134940306
88323281 27077521
157829215 250340951
26929220 285312927
258140947 189875309
17116707 265077741
447688115 26929220
285312927 358775055
270449528 463952369
88097807 112939321
222261763 204140367
149538028 261447035
439788025 238201669
276577539 22462180
274153775 380580781
28465635 333161611
149538028 26929220
214328887 149538028
157829215 439788025
187773078 27633075
238201669 157829215
125120339 43003845
134940306 56860418
17759158 16870853
214328887 358775055
31414569 200559228
239144776 355823615
109740608 238201669
74107696 83943787
46209291 8088112
203338499 134940306
233248636 22462180
364971269 288485704
204317520 297801196
100581193 258140947
109740608 134940306
35148062 134940306
43003845 67864340
197504076 279787626
116036694 17868918
312284236 133055665
254839786 276308596
67864340 314316607
225444667 22462180
112939321 43003845
170460311 37699718
107830991 196327549
166214735 18996905
231238695 17868918
259842341 200559228
172883064 29911100
206923844 18996905
112939321 294752666
72818790 17759158
358775055 172883064
364971269 19493072
116498875 248883350
451250774 261447035
74107696 28465635
83943787 2367911
26929220 18996905
406628822 31331740
88323281 134940306
203338499 27077521
109740608 31331740
406628822 18951737
265077741 116036694
282206645 86221475
83417972 18996905
100581193 195475105
153226312 121533789
463952369 196327549
206923844 254839786
67864340 103598216
463952369 34428380
206923844 280935165
213777144 27633075
19358562 14925700
37699718 56860418
29911100 27633075
88323281 133055665
274153775 117674417
56860418 265077741
67864340 151338729
56860418 206923844
43003845 18996905
195475105 6581292
279787626 160237722
439788025 8088112
35415466 131613362
406628822 307458983
238201669 195475105
282206645 26929220
197504076 163238842
280935165 116036694
157829215 46209291
222261763 149538028
279787626 40981798
260769396 83943787
222261763 259842341
358775055 67864340
229425177 248883350
26929220 124528830
31414569 35359596
220068522 116036694
292598082 40981798
197504076 294752666
461410856 109740608
451250774 29911100
204317520 430268163
258140947 276706356
430268163 133055665
93224416 17116707
324201646 88323281
67864340 276577539
88323281 222261763
151338729 358775055
400689940 37699718
439788025 149538028
292598082 236184723
236184723 461410856
128721580 170167167
451250774 262340283
59588845 40981798
236026868 149538028
461410856 46831674
276577539 88323281
221036078 225444667
17116707 250340951
204317520 123371682
116498875 31414569
112939321 238201669
100581193 145845459
220368467 18996905
252770012 221036078
166214735 6581292
149538028 131613362
307458983 151338729
259842341 134940306
72818790 314316607
231238695 69592091
204140367 121533789
248883350 107830991
236026868 86221475
294752666 461410856
70492333 8163442
195475105 107830991
214328887 26929220
69592091 17868918
437804658 124528830
57490887 276577539
463952369 28465635
233248636 88323281
380580781 40981798
380580781 103598216
222411742 17868918
157829215 160237722
358775055 15023872
257236842 115221382
196327549 22462180
220068522 134940306
280935165 170460311
262802533 34428380
124528830 86221475
56860418 67864340
153226312 125120339
134940306 262340283
152388029 19705747
157829215 57490887
276706356 294752666
103598216 19358562
276706356 206923844
88323281 116498875
258140947 21146135
248883350 285312927
265077741 86221475
153226312 195475105
74107696 72818790
276308596 170460311
86221475 56860418
257236842 54228724
107511013 225444667
262802533 83943787
221036078 279787626
103598216 254839786
57490887 26929220
358775055 314316607
250178329 131613362
254839786 19493072
157829215 83417972
280935165 151338729
134940306 116498875
439788025 116036694
312284236 83943787
158419434 259842341
17116707 236026868
134940306 113058991
40981798 56860418
220368467 153460275
107511013 259842341
17675120 17434613
83417972 88323281
451250774 276706356
229425177 285312927
461410856 27633075
152388029 43003845
439788025 100581193
189875309 34428380
406628822 196327549
250178329 72818790
451250774 18996905
56860418 274153775
375317198 172883064
270449528 358775055
67864340 86221475
406628822 270449528
149538028 19358562
18951737 2367911
297801196 56860418
109740608 19493072
394263193 134940306
